Summary
Hardcoded Solution = False
n = 14
Distance Map = 
[[   0  745  665  929  605  521  370  587  467  670  700 1210 2130 1890]
 [ 745    0   80  337 1090  315  567  712  871  741 1420 1630 2560 2430]
 [ 665   80    0  380 1020  257  501  664  808  697 1340 1570 2520 2370]
 [ 929  337  380    0 1380  408  622  646  878  732 1520 1530 2430 2360]
 [ 605 1090 1020 1380    0 1010  957 1190 1060 1270  966 1720 2590 2270]
 [ 521  315  257  408 1010    0  253  410  557  451 1140 1320 2260 2110]
 [ 370  567  501  622  957  253    0  250  311  325  897 1090 2040 1870]
 [ 587  712  664  646 1190  410  250    0  260   86  939  916 1850 1730]
 [ 467  871  808  878 1060  557  311  260    0  328  679  794 1740 1560]
 [ 670  741  697  732 1270  451  325   86  328    0 1005  905 1846 1731]
 [ 700 1420 1340 1520  966 1140  897  939  679 1005    0  878 1640 1300]
 [1210 1630 1570 1530 1720 1320 1090  916  794  905  878    0  947  832]
 [2130 2560 2520 2430 2590 2260 2040 1850 1740 1846 1640  947    0  458]
 [1890 2430 2370 2360 2270 2110 1870 1730 1560 1731 1300  832  458    0]]

initial Solution = 
[[-13 -11  -9   5 -12  10  12   9  -5 -10  11   6   4 -14  -3  14  -6  -7
    2   7   3  -4   8  13  -8  -2]
 [  4   6  -4  12 -14  -3  11   3  10   5  -7  14   9 -11  -6  13   8 -10
   -1  -9  -8   7 -13  -5 -12   1]
 [ 12  -7   8 -11  -6   2   4  -2   9 -13   6  13 -14  -4   1  -9  -5 -12
   -8 -10  -1  11   5   7  10  14]
 [ -2 -12   2   6  -8  -5  -3 -10   7  11   8   5  -1   3  13  -7 -11  -6
   -9  14 -13   1 -14  10   9  12]
 [  7  -8  12  -1  11   4  14  -6   1  -2   9  -4 -10 -13  -9 -11   3   8
   -7   6 -12  10  -3   2 -14  13]
 [ 14  -2 -14  -4   3  12   8   5  13   7  -3  -1  -8  10   2 -12   1   4
  -11  -5  -9 -13  -7   9  11 -10]
 [ -5   3  10  14 -10   8  13  -8  -4  -6   2  11 -12   9  12   4 -14   1
    5  -1 -11  -2   6  -3 -13  -9]
 [-10   5  -3 -13   4  -7  -6   7 -11  12  -4  -9   6 -12  14  10  -2  -5
    3  13   2   9  -1 -14   1  11]
 [ 11 -14   1 -10 -13 -11  10  -1  -3  14  -5   8  -2  -7   5   3  12  13
    4   2   6  -8 -12  -6  -4   7]
 [  8  13  -7   9   7  -1  -9   4  -2   1 -14  12   5  -6  11  -8 -13   2
  -12   3  14  -5 -11  -4  -3   6]
 [ -9   1 -13   3  -5   9  -2  14   8  -4  -1  -7  13   2 -10   5   4 -14
    6  12   7  -3  10 -12  -6  -8]
 [ -3   4  -5  -2   1  -6  -1  13 -14  -8 -13 -10   7   8  -7   6  -9   3
   10 -11   5  14   9  11   2  -4]
 [  1 -10  11   8   9 -14  -7 -12  -6   3  12  -3 -11   5  -4  -2  10  -9
   14  -8   4   6   2  -1   7  -5]
 [ -6   9   6  -7   2  13  -5 -11  12  -9  10  -2   3   1  -8  -1   7  11
  -13  -4 -10 -12   4   8   5  -3]]
        
initial Cost = 327734.1535945766
        
initial Violations = 18       

        
Initial Parameters

maxR = 10
maxP = 10
maxC = 10
T = 400
theta = 1.04
beta = 0.998
sigma = 1.04
w = 40000

        
        
Final Parameters

T = 1593.2937576498962
w = 29563.80272051781
bestT = 796.6468788249481

bestInfeasible = 250334.57616023536
bestFeasible = 260150.0

time = 657.981365442276

        
        
Best Infeasible Solution ->

[[-12 -13 -14   6   5  -2 -10  11  10   8  -9  -8   3   9  -4   2  -5 -11
    4   7  -3  12  13  14  -6  -7]
 [  5   3  -6   8  14   1  -8 -10  13   6 -14  -9  10   4  -3  -1  12  -5
  -11  -4   7   9  11  -7 -12 -13]
 [ -6  -2   8  11   6 -13 -11  14 -12 -14  13   7  -1  10   2  -8  -7  12
   -5   9   1   4 -10  -9   5  -4]
 [ 10 -11 -12 -14 -13 -10   6  -5  14  13   8  -6  -7  -2   1  12   9  -8
   -1   2  11  -3   7   5  -9   3]
 [ -2 -12 -10  12  -1  -9  -7   4   7   9  -6  11   8 -11  -8 -14   1   2
    3 -13  10  13  14  -4  -3   6]
 [  3   8   2  -1  -3  14  -4   7   9  -2   5   4 -12 -13 -14  10  13 -10
   -7  12  -9  11  -8 -11   1  -5]
 [ 11 -14   9 -13 -12   8   5  -6  -5  12 -11  -3   4  -8 -10  -9   3  13
    6  -1  -2  10  -4   2  14   1]
 [  9  -6  -3  -2  10  -7   2  13  11  -1  -4   1  -5   7   5   3 -10   4
   12  14 -12 -14   6 -13 -11  -9]
 [ -8 -10  -7  10  11   5 -14  12  -6  -5   1   2  13  -1 -11   7  -4  14
  -13  -3   6  -2 -12   3   4   8]
 [ -4   9   5  -9  -8   4   1   2  -1  11  12  13  -2  -3   7  -6   8   6
   14 -11  -5  -7   3 -12 -13 -14]
 [ -7   4  13  -3  -9 -12   3  -1  -8 -10   7  -5  14   5   9 -13 -14   1
    2  10  -4  -6  -2   6   8  12]
 [  1   5   4  -5   7  11  13  -9   3  -7 -10 -14   6  14 -13  -4  -2  -3
   -8  -6   8  -1   9  10   2 -11]
 [ 14   1 -11   7   4   3 -12  -8  -2  -4  -3 -10  -9   6  12  11  -6  -7
    9   5 -14  -5  -1   8  10   2]
 [-13   7   1   4  -2  -6   9  -3  -4   3   2  12 -11 -12   6   5  11  -9
  -10  -8  13   8  -5  -1  -7  10]]

Cost = 249921.4491764946
Violations = 3

        

Best Feasible Solution ->

[[ 11 -14   8  13  -6  -8 -12  10   5 -11  12  -2   4 -10  -9  -5   2   6
  -13  -7   3   9  -4  -3  14   7]
 [  6 -10  -3  11  14 -11  -8  13 -12 -14 -13   1  -7   9   3  10  -1  12
   -5   8   7   4  -9  -6   5  -4]
 [ -5  -6   2  10   7 -10  14  -9  13   6 -14  -8   9   4  -2  -7 -12   5
   12  -4  -1   8  11   1 -11 -13]
 [  8 -11 -12 -14   9  -7 -13  -5   6  13  10  -6  -1  -3   7  12  -9 -10
   14   3  11  -2   1   5  -8   2]
 [  3  12  11 -12  -8 -14   7   4  -1   8   6  -9 -10 -11  10   1  -7  -3
    2 -13   9  13  14  -4  -2  -6]
 [ -2   3  10  -7   1  -9 -11  14  -4  -3  -5   4 -12 -14 -13   9  13  -1
   -8  12   8  11 -10   2   7   5]
 [-12 -13 -14   6  -3   4  -5  11   9 -10  -8  10   2   8  -4   3   5 -11
   -9   1  -2  12  13  14  -6  -1]
 [ -4   9  -1  -9   5   1   2 -12  14  -5   7   3  13  -7  11 -14  10 -13
    6  -2  -6  -3  12 -11   4 -10]
 [-10  -8  13   8  -4   6  10   3  -7  12  11   5  -3  -2   1  -6   4  14
    7 -11  -5  -1   2 -12 -13 -14]
 [  9   2  -6  -3  13   3  -9  -1  11   7  -4  -7   5   1  -5  -2  -8   4
  -11  14 -12 -14   6 -13  12   8]
 [ -1   4  -5  -2 -12   2   6  -7 -10   1  -9  13  14   5  -8 -13 -14   7
   10   9  -4  -6  -3   8   3  12]
 [  7  -5   4   5  11 -13   1   8   2  -9  -1 -14   6  13  14  -4   3  -2
   -3  -6  10  -7  -8   9 -10 -11]
 [ 14   7  -9  -1 -10  12   4  -2  -3  -4   2 -11  -8 -12   6  11  -6   8
    1   5 -14  -5  -7  10   9   3]
 [-13   1   7   4  -2   5  -3  -6  -8   2   3  12 -11   6 -12   8  11  -9
   -4 -10  13  10  -5  -7  -1   9]]

Cost = 260150.0
Violations = 0

        