Summary
Hardcoded Solution = False
n = 16
Distance Map = 
[[   0  745  665  929  605  521  370  587  467  670  700 1210 2130 1890
  1930 1592]
 [ 745    0   80  337 1090  315  567  712  871  741 1420 1630 2560 2430
  2440 2144]
 [ 665   80    0  380 1020  257  501  664  808  697 1340 1570 2520 2370
  2390 2082]
 [ 929  337  380    0 1380  408  622  646  878  732 1520 1530 2430 2360
  2360 2194]
 [ 605 1090 1020 1380    0 1010  957 1190 1060 1270  966 1720 2590 2270
  2330 1982]
 [ 521  315  257  408 1010    0  253  410  557  451 1140 1320 2260 2110
  2130 1829]
 [ 370  567  501  622  957  253    0  250  311  325  897 1090 2040 1870
  1890 1580]
 [ 587  712  664  646 1190  410  250    0  260   86  939  916 1850 1730
  1740 1453]
 [ 467  871  808  878 1060  557  311  260    0  328  679  794 1740 1560
  1590 1272]
 [ 670  741  697  732 1270  451  325   86  328    0 1005  905 1846 1731
  1784 1458]
 [ 700 1420 1340 1520  966 1140  897  939  679 1005    0  878 1640 1300
  1370 1016]
 [1210 1630 1570 1530 1720 1320 1090  916  794  905  878    0  947  832
   830  586]
 [2130 2560 2520 2430 2590 2260 2040 1850 1740 1846 1640  947    0  458
   347  654]
 [1890 2430 2370 2360 2270 2110 1870 1730 1560 1731 1300  832  458    0
   112  299]
 [1930 2440 2390 2360 2330 2130 1890 1740 1590 1784 1370  830  347  112
     0  358]
 [1592 2144 2082 2194 1982 1829 1580 1453 1272 1458 1016  586  654  299
   358    0]]

initial Solution = 
[[  4 -10 -15   9  11  15   3 -13  -8  -2 -11  -7  10  -5   2   5  14  -9
    6 -14  16  -4   8  -3 -12   7  -6 -16  13  12]
 [-14 -12  -8  15 -16  -3  -9   3  12   1 -10  -5   7  11  -1  -6  -4   8
    4  10 -15   9   6 -13 -11  14  -7  13  16   5]
 [ 12 -16   7 -11  14   2  -1  -2  -6  16   6  -8   5   9  10  15  11 -14
  -12  -9  -4 -13  -7   1   8 -10  -5   4 -15  13]
 [ -1   8  -5   7  12   9 -12 -11  14  10 -15  16  13  15   6 -10   2 -13
   -2 -16   3   1 -14   5  -6  -8  -9  -3  -7  11]
 [ -7  -6   4 -12 -13  -8   6  16 -15  -9  14   2  -3   1 -16  -1  15 -10
   13  11   9  12  10  -4 -14 -11   3   7   8  -2]
 [ 11   5 -11  16  -7  12  -5   8   3 -12  -3 -13  -9  -8  -4   2   7 -15
   -1  13  14 -10  -2   9   4 -16   1 -14  10  15]
 [  5 -11  -3  -4   6 -10  13  12   9 -13 -12   1  -2  16  11  14  -6 -16
   -8  15   8 -14   3  10 -15  -1   2  -5   4  -9]
 [ -9  -4   2 -10 -15   5  11  -6   1  14 -16   3  15   6 -12  16 -13  -2
    7  12  -7 -11  -1 -14  -3   4  13   9  -5  10]
 [  8 -13 -10  -1  10  -4   2 -15  -7   5  13 -12   6  -3  15  11 -16   1
   14   3  -5  -2 -11  -6  16  12   4  -8 -14   7]
 [ 13   1   9   8  -9   7  16  14 -11  -4   2 -15  -1 -14  -3   4  12   5
  -16  -2 -12   6  -5  -7 -13   3  15  11  -6  -8]
 [ -6   7   6   3  -1  13  -8   4  10 -15   1 -14 -16  -2  -7  -9  -3 -12
   15  -5 -13   8   9  16   2   5  14 -10  12  -4]
 [ -3   2  14   5  -4  -6   4  -7  -2   6   7   9 -14 -13   8  13 -10  11
    3  -8  10  -5  16 -15   1  -9 -16  15 -11  -1]
 [-10   9  16  14   5 -11  -7   1 -16   7  -9   6  -4  12 -14 -12   8   4
   -5  -6  11   3 -15   2  10  15  -8  -2  -1  -3]
 [  2  15 -12 -13  -3  16 -15 -10  -4  -8  -5  11  12  10  13  -7  -1   3
   -9   1  -6   7   4   8   5  -2 -11   6   9 -16]
 [-16 -14   1  -2   8  -1  14   9   5  11   4  10  -8  -4  -9  -3  -5   6
  -11  -7   2  16  13  12   7 -13 -10 -12   3  -6]
 [ 15   3 -13  -6   2 -14 -10  -5  13  -3   8  -4  11  -7   5  -8   9   7
   10   4  -1 -15 -12 -11  -9   6  12   1  -2  14]]
        
initial Cost = 455100.8921775051
        
initial Violations = 24       

        
Initial Parameters

maxR = 10
maxP = 10
maxC = 10
T = 400
theta = 1.04
beta = 0.998
sigma = 1.04
w = 40000

        
        
Final Parameters

T = 1596.9627344502203
w = 55372.44804790844
bestT = 798.4813672251101

bestInfeasible = 361027.0540110249
bestFeasible = 372590.0

time = 2042.304660320282

        
        
Best Infeasible Solution ->

[[  2  12  -3   7 -13  -2  -4   9 -14 -15   3  -7  11   6  14  -8  -9   4
   16 -10  -6  15  13   8 -11  -5  10 -16 -12   5]
 [ -1   6 -13 -10  -9   1   3  13  -7  -8  -6   9  15   8  -5  14  16 -14
  -11   5 -16  12  11 -15 -12  10   7   4  -3  -4]
 [-16 -14   1   8  16  -7  -2   4  13   9  -1  15 -13 -15  -8   7   6  10
   -4 -11  -5  11  12  -6  -9 -12  14   5   2 -10]
 [  6  -9  -8  -6  11   5   1  -3  12  16   9  -5 -12 -14   7 -15 -13  -1
    3  14 -11  10  -7 -16 -10   8  13  -2  15   2]
 [ -9  -7   6  11 -12  -4 -15  14   8   7  -8   4  10 -16   2  12 -11  16
  -10  -2   3  13  15 -13 -14   1   9  -3  -6  -1]
 [ -4  -2  -5   4   8 -14 -12  -7  16  13   2 -11  -9  -1  12  10  -3  11
   14 -13   1   9 -16   3   7 -15  -8 -10   5  15]
 [-11   5   9  -1  15   3 -10   6   2  -5  16   1 -16  13  -4  -3  12 -15
  -12  -9  10  -8   4  11  -6  14  -2 -14 -13   8]
 [ 12  11   4  -3  -6  13 -16 -11  -5   2   5 -10 -14  -2   3   1  10 -12
    9 -15 -13   7  14  -1  16  -4   6  15  -9  -7]
 [  5   4  -7  15   2  16 -14  -1  10  -3  -4  -2   6 -12 -15 -16   1 -13
   -8   7  14  -6 -10  12   3  13  -5 -11   8  11]
 [-13 -15 -16   2 -14  11   7 -12  -9  12  15   8  -5 -11  13  -6  -8  -3
    5   1  -7  -4   9  14   4  -2  -1   6  16   3]
 [  7  -8  15  -5  -4 -10  13   8 -15 -14  12   6  -1  10  16 -13   5  -6
    2   3   4  -3  -2  -7   1 -16 -12   9  14  -9]
 [ -8  -1 -14  16   5 -15   6  10  -4 -10 -11  13   4   9  -6  -5  -7   8
    7 -16  15  -2  -3  -9   2   3  11 -13   1  14]
 [ 10 -16   2  14   1  -8 -11  -2  -3  -6 -14 -12   3  -7 -10  11   4   9
  -15   6   8  -5  -1   5  15  -9  -4  12   7  16]
 [-15   3  12 -13  10   6   9  -5   1  11  13 -16   8   4  -1  -2  15   2
   -6  -4  -9  16  -8 -10   5  -7  -3   7 -11 -12]
 [ 14  10 -11  -9  -7  12   5 -16  11   1 -10  -3  -2   3   9   4 -14   7
   13   8 -12  -1  -5   2 -13   6  16  -8  -4  -6]
 [  3  13  10 -12  -3  -9   8  15  -6  -4  -7  14   7   5 -11   9  -2  -5
   -1  12   2 -14   6   4  -8  11 -15   1 -10 -13]]

Cost = 361027.0540110249
Violations = 1

        

Best Feasible Solution ->

[[  2  12  -3   7 -13  -2  -4   9 -14 -15   3  -7  11   6  14  -8  -9   4
   16 -10  -6  15  13   8 -11  -5  10 -16 -12   5]
 [ -1   6 -13 -10  -9   1   3  13  -7  -8  -6   9  15   8  -5  14  16 -14
  -11   5 -16  12  11 -15 -12  10   7   4  -3  -4]
 [-16 -14   1   8  16  -7  -2   4  -5   9  -1  15 -13 -15  -8   7   6  10
   -4 -11  13  11  12  -6  -9 -12  14   5   2 -10]
 [  6  -9  -8  -6  11   5   1  -3  12  16   9  -5 -12 -14   7 -15 -13  -1
    3  14 -11  10  -7 -16 -10   8  13  -2  15   2]
 [ -9  -7   6  11 -12  -4 -15  14   3   7  -8   4  10 -16   2  12 -11  16
  -10  -2   8  13  15 -13 -14   1   9  -3  -6  -1]
 [ -4  -2  -5   4   8 -14 -12  -7  16  13   2 -11  -9  -1  12  10  -3  11
   14 -13   1   9 -16   3   7 -15  -8 -10   5  15]
 [-11   5   9  -1  15   3 -10   6   2  -5  16   1 -16  13  -4  -3  12 -15
  -12  -9  10  -8   4  11  -6  14  -2 -14 -13   8]
 [ 12  11   4  -3  -6  13 -16 -11 -13   2   5 -10  14  -2   3   1  10 -12
    9 -15  -5   7 -14  -1  16  -4   6  15  -9  -7]
 [  5   4  -7  15   2  16 -14  -1  10  -3  -4  -2   6 -12 -15 -16   1 -13
   -8   7  14  -6 -10  12   3  13  -5  11   8 -11]
 [-13 -15 -16   2 -14  11   7 -12  -9  12  15   8  -5 -11  13  -6  -8  -3
    5   1  -7  -4   9  14   4  -2  -1   6  16   3]
 [  7  -8  15  -5  -4 -10  13   8 -15 -14  12   6  -1  10  16 -13   5  -6
    2   3   4  -3  -2  -7   1 -16 -12  -9  14   9]
 [ -8  -1 -14  16   5 -15   6  10  -4 -10 -11  13   4   9  -6  -5  -7   8
    7 -16  15  -2  -3  -9   2   3  11 -13   1  14]
 [ 10 -16   2  14   1  -8 -11  -2   8  -6 -14 -12   3  -7 -10  11   4   9
  -15   6  -3  -5  -1   5  15  -9  -4  12   7  16]
 [-15   3  12 -13  10   6   9  -5   1  11  13 -16  -8   4  -1  -2  15   2
   -6  -4  -9  16   8 -10   5  -7  -3   7 -11 -12]
 [ 14  10 -11  -9  -7  12   5 -16  11   1 -10  -3  -2   3   9   4 -14   7
   13   8 -12  -1  -5   2 -13   6  16  -8  -4  -6]
 [  3  13  10 -12  -3  -9   8  15  -6  -4  -7  14   7   5 -11   9  -2  -5
   -1  12   2 -14   6   4  -8  11 -15   1 -10 -13]]

Cost = 372590.0
Violations = 0

        