Summary
Hardcoded Solution = False
n = 16
Distance Map = 
[[   0  745  665  929  605  521  370  587  467  670  700 1210 2130 1890
  1930 1592]
 [ 745    0   80  337 1090  315  567  712  871  741 1420 1630 2560 2430
  2440 2144]
 [ 665   80    0  380 1020  257  501  664  808  697 1340 1570 2520 2370
  2390 2082]
 [ 929  337  380    0 1380  408  622  646  878  732 1520 1530 2430 2360
  2360 2194]
 [ 605 1090 1020 1380    0 1010  957 1190 1060 1270  966 1720 2590 2270
  2330 1982]
 [ 521  315  257  408 1010    0  253  410  557  451 1140 1320 2260 2110
  2130 1829]
 [ 370  567  501  622  957  253    0  250  311  325  897 1090 2040 1870
  1890 1580]
 [ 587  712  664  646 1190  410  250    0  260   86  939  916 1850 1730
  1740 1453]
 [ 467  871  808  878 1060  557  311  260    0  328  679  794 1740 1560
  1590 1272]
 [ 670  741  697  732 1270  451  325   86  328    0 1005  905 1846 1731
  1784 1458]
 [ 700 1420 1340 1520  966 1140  897  939  679 1005    0  878 1640 1300
  1370 1016]
 [1210 1630 1570 1530 1720 1320 1090  916  794  905  878    0  947  832
   830  586]
 [2130 2560 2520 2430 2590 2260 2040 1850 1740 1846 1640  947    0  458
   347  654]
 [1890 2430 2370 2360 2270 2110 1870 1730 1560 1731 1300  832  458    0
   112  299]
 [1930 2440 2390 2360 2330 2130 1890 1740 1590 1784 1370  830  347  112
     0  358]
 [1592 2144 2082 2194 1982 1829 1580 1453 1272 1458 1016  586  654  299
   358    0]]

initial Solution = 
[[ -7  10 -12  16   7  -2  -6 -11  -9 -15   4   3   2 -16  -8  13  15  -4
    9   8 -10  12   6  -3  -5 -14   5 -13  11  14]
 [  3   7 -16  15 -13   1  -3 -12  -4   9   5   4  -1  11 -10 -15 -11   8
   10  -6  -5  16  -7  13 -14  -8  -9  14   6  12]
 [ -2  13  -8 -11   9 -14   2  10  15 -10  16  -1  12  -6 -13 -12 -16 -15
    6  -9  -4  -5  11   1  -7   5  14   7   8   4]
 [ 10   5  13 -12  15 -10   7   8   2 -11  -1  -2  11  14  -5   9 -13   1
   12 -16   3 -15  -8   6  -9  -7  16  -6 -14  -3]
 [ -8  -4  11  10 -16  -7  14  15 -10  16  -2 -12  -6  12   4   8 -14 -13
    7  13   2   3  -9 -15   1  -3  -1 -11   9   6]
 [ 15  12  10 -14 -11 -15   1 -16 -12 -13  11   8   5   3  14 -10  -8   7
   -3   2  -9  -7  -1  -4  16   9  13   4  -2  -5]
 [  1  -2 -15  -9  -1   5  -4 -14  11  12  10 -16   9   8 -11  14 -10  -6
   -5  15  13   6   2  16   3   4  -8  -3 -12 -13]
 [  5 -16   3 -13 -10   9 -12  -4  16 -14  12  -6  13  -7   1  -5   6  -2
   14  -1  11  -9   4  10  15   2   7 -15  -3 -11]
 [ 12 -11 -14   7  -3  -8  16 -13   1  -2  13  14  -7  15 -16  -4 -12 -10
   -1   3   6   8   5  11   4  -6   2  10  -5 -15]
 [ -4  -1  -6  -5   8   4 -13  -3   5   3  -7 -11  15  13   2   6   7   9
   -2 -14   1  11  14  -8 -12 -16  12  -9 -15  16]
 [-14   9  -5   3   6 -16 -15   1  -7   4  -6  10  -4  -2   7  16   2  14
  -13 -12  -8 -10  -3  -9  13  12  15   5  -1   8]
 [ -9  -6   1   4 -14 -13   8   2   6  -7  -8   5  -3  -5 -15   3   9  16
   -4  11  15  -1  13  14  10 -11 -10 -16   7  -2]
 [ 16  -3  -4   8   2  12  10   9 -14   6  -9  15  -8 -10   3  -1   4   5
   11  -5  -7  14 -12  -2 -11 -15  -6   1 -16   7]
 [ 11 -15   9   6  12   3  -5   7  13   8  15  -9 -16  -4  -6  -7   5 -11
   -8  10  16 -13 -10 -12   2   1  -3  -2   4  -1]
 [ -6  14   7  -2  -4   6  11  -5  -3   1 -14 -13 -10  -9  12   2  -1   3
   16  -7 -12   4 -16   5  -8  13 -11   8  10   9]
 [-13   8   2  -1   5  11  -9   6  -8  -5  -3   7  14   1   9 -11   3 -12
  -15   4 -14  -2  15  -7  -6  10  -4  12  13 -10]]
        
initial Cost = 435424.0584315031
        
initial Violations = 25       

        
Initial Parameters

maxR = 10
maxP = 10
maxC = 10
T = 400
theta = 1.04
beta = 0.998
sigma = 1.04
w = 40000

        
        
Final Parameters

T = 3192.0095926440476
w = 42078.509632211426
bestT = 1596.0047963220238

bestInfeasible = 359327.27700227284
bestFeasible = 404894.0

time = 5032.1633665561676

        
        
Best Infeasible Solution ->

[[ 10 -14 -13 -12   4 -16  -6  -8  15   9   3 -15   6  16   7  -2   8 -10
   12  11  13  -5 -11   2   5  -3  -4  -9  14  -7]
 [  5  -3   6   7   9  -6  10  -4  -8  -7  12 -10  -9  14 -11   1  13   8
  -14 -15 -16 -12 -13  -1   4  15  -5  11   3  16]
 [ -6   2  -5 -14 -16   9   8   7  -4  10  -1  12  -8 -13 -15  13  -9  11
    4  16 -10  15  -7 -12 -11   1  14   5  -2   6]
 [ 12   8   7 -11  -1 -10   9   2   3 -13 -14  -6  14   5  16  -7 -12  13
   -3  -8  -9  11   6  15  -2  -5   1 -16 -15  10]
 [ -2  10   3  -9  -7  -8  15   6  11 -12   7  14  13  -4 -13 -15 -16 -14
   16  12  -6   1   9   8  -1   4   2  -3 -10 -11]
 [  3  12  -2 -10  13   2   1  -5   7 -14 -16   4  -1 -11  10  16 -15 -12
  -13   9   5   8  -4  -7  15  -8  11  14  -9  -3]
 [  9 -15  -4  -2   5  12 -11  -3  -6   2  -5  -8  15 -12  -1   4  11  -9
   10  13  14 -10   3   6 -14 -16 -13   8  16   1]
 [ 16  -4   9 -15 -10   5  -3   1   2  15 -13   7   3  10  -9  14  -1  -2
  -11   4  12  -6 -14  -5  13   6 -16  -7  11 -12]
 [ -7  16  -8   5  -2  -3  -4  13  10  -1 -11 -16   2  15   8 -10   3   7
  -15  -6   4  14  -5  11 -12 -14  12   1   6 -13]
 [ -1  -5 -11   6   8   4  -2  11  -9  -3  15   2  12  -8  -6   9  14   1
   -7 -14   3   7 -16  13  16 -13 -15 -12   5  -4]
 [-14 -13  10   4  14 -15   7 -10  -5  16   9  13 -16   6   2 -12  -7  -3
    8  -1  15  -4   1  -9   3  12  -6  -2  -8   5]
 [ -4  -6  16   1  15  -7  13  14 -16   5  -2  -3 -10   7 -14  11   4   6
   -1  -5  -8   2 -15   3   9 -11  -9  10 -13   8]
 [ 15  11   1 -16  -6  14 -12  -9 -14   4   8 -11  -5   3   5  -3  -2  -4
    6  -7  -1  16   2 -10  -8  10   7 -15  12   9]
 [ 11   1 -15   3 -11 -13  16 -12  13   6   4  -5  -4  -2  12  -8 -10   5
    2  10  -7  -9   8 -16   7   9  -3  -6  -1  15]
 [-13   7  14   8 -12  11  -5  16  -1  -8 -10   1  -7  -9   3   5   6 -16
    9   2 -11  -3  12  -4  -6  -2  10  13   4 -14]
 [ -8  -9 -12  13   3   1 -14 -15  12 -11   6   9  11  -1  -4  -6   5  15
   -5  -3   2 -13  10  14 -10   7   8   4  -7  -2]]

Cost = 359327.27700227284
Violations = 2

        

Best Feasible Solution ->

[[ -8  -3  -5  10  -4   8  -6  -2   5 -11  13  -7  16  -9 -10   2   4   6
  -14   9  11  15 -12 -13  12  14 -15 -16   7   3]
 [ -6  12  -8   3  10  13  -7   1  14   9  -5 -11   6  15   8  -1  11 -12
  -15 -13   7   4  -3   5 -16  -4  16  -9 -14 -10]
 [-13   1  16  -2 -11  -6   4   5  10  -4   9  -8  14  -7 -14  15 -12 -16
   12 -15 -10  13   2   8  -9   7   6  11  -5  -1]
 [ -5  -9 -15  11   1   5  -3 -14 -16   3  -7  14   7  -6  16  -8  -1 -10
    6  12  13  -2   8 -12 -13   2 -11  10  15   9]
 [  4 -14   1   7  -9  -4  13  -3  -1  12   2 -15 -12  10   6 -13 -16 -11
    8  14  15  -7   9  -2  11  16 -10  -6   3  -8]
 [  2  11  12 -13 -15   3   1  -8  -7  13  16  10  -2   4  -5  -9  14  -1
   -4   8 -12 -16 -14   9   7  15  -3   5 -10 -11]
 [ 16   8  13  -5  -8  -9   2  11   6 -16   4   1  -4   3  12 -14 -13  14
  -11 -10  -2   5  10  15  -6  -3   9 -12  -1 -15]
 [  1  -7   2  15   7  -1 -11   6  -9 -15 -14   3  11  12  -2   4   9  13
   -5  -6 -16  10  -4  -3  14 -10 -12 -13  16   5]
 [-12   4 -14 -16   5   7 -10 -15   8  -2  -3  12  10   1 -13   6  -8  15
   16  -1  14  11  -5  -6   3 -11  -7   2  13  -4]
 [-11  16  11  -1  -2 -12   9  13  -3  14  12  -6  -9  -5   1 -16 -15   4
  -13   7   3  -8  -7 -14  15   8   5  -4   6   2]
 [ 10  -6 -10  -4   3 -14   8  -7 -13   1  15   2  -8  14 -15 -12  -2   5
    7  16  -1  -9  13 -16  -5   9   4  -3  12   6]
 [  9  -2  -6  14  16  10 -15 -16  15  -5 -10  -9   5  -8  -7  11   3   2
   -3  -4   6 -14   1   4  -1 -13   8   7 -11  13]
 [  3  15  -7   6  14  -2  -5 -10  11  -6  -1  16 -15 -16   9   5   7  -8
   10   2  -4  -3 -11   1   4  12 -14   8  -9 -12]
 [-15   5   9 -12 -13  11  16   4  -2 -10   8  -4  -3 -11   3   7  -6  -7
    1  -5  -9  12   6  10  -8  -1  13  15   2 -16]
 [ 14 -13   4  -8   6 -16  12   9 -12   8 -11   5  13  -2  11  -3  10  -9
    2   3  -5  -1  16  -7 -10  -6   1 -14  -4   7]
 [ -7 -10  -3   9 -12  15 -14  12   4   7  -6 -13  -1  13  -4  10   5   3
   -9 -11   8   6 -15  11   2  -5  -2   1  -8  14]]

Cost = 404894.0
Violations = 0

        