Summary
Hardcoded Solution = True
n = 6
Distance Map = 
[[   0  745  665  929  605  521]
 [ 745    0   80  337 1090  315]
 [ 665   80    0  380 1020  257]
 [ 929  337  380    0 1380  408]
 [ 605 1090 1020 1380    0 1010]
 [ 521  315  257  408 1010    0]]

initial Solution = 
[[ 6 -2  4  3 -5 -4 -3  5  2 -6]
 [ 5  1 -3 -6  4  3  6 -4 -1 -5]
 [-4  5  2 -1  6 -2  1 -6 -5  4]
 [ 3  6 -1 -5 -2  1  5  2 -6 -3]
 [-2 -3  6  4  1 -6 -4 -1  3  2]
 [-1 -4 -5  2 -3  5 -2  3  4  1]]
        
initial Cost = 27844
        
initial Violations = 0       

        
Initial Parameters

maxR = 10
maxP = 10
maxC = 10
T = 400
theta = 1.04
beta = 0.9999
sigma = 1.04
w = 4000

        
        
Final Parameters

T = 1595.0474328130322
w = 5263.727116943362
bestT = 797.5237164065161

bestInfeasible = 24065.14051997321
bestFeasible = 26062

time = 5.8440845012664795

        
        
Best Infeasible Solution ->

[[-5  3  5 -2 -3 -4 -6  4  2  6]
 [-3  6  3  1 -6  5  4 -5 -1 -4]
 [ 2 -1 -2 -4  1  6  5 -6  4 -5]
 [ 6 -5 -6  3  5  1 -2 -1 -3  2]
 [ 1  4 -1 -6 -4 -2 -3  2  6  3]
 [-4 -2  4  5  2 -3  1  3 -5 -1]]

Cost = 23967.15976417825
Violations = 2

        

Best Feasible Solution ->

[[ 4  3 -4 -3  5  2  6 -5 -2 -6]
 [-6 -5  6  5 -4 -1 -3  4  1  3]
 [-5 -1  5  1 -6  4  2  6 -4 -2]
 [-1 -6  1  6  2 -3 -5 -2  3  5]
 [ 3  2 -3 -2 -1  6  4  1 -6 -4]
 [ 2  4 -2 -4  3 -5 -1 -3  5  1]]

Cost = 26062
Violations = 0

        