Summary
Hardcoded Solution = True
n = 6
Distance Map = 
[[   0  745  665  929  605  521]
 [ 745    0   80  337 1090  315]
 [ 665   80    0  380 1020  257]
 [ 929  337  380    0 1380  408]
 [ 605 1090 1020 1380    0 1010]
 [ 521  315  257  408 1010    0]]

initial Solution = 
[[ 4 -2 -4  3 -5  6 -3  5  2 -6]
 [ 3  1 -3 -6  4  5  6 -4 -1 -5]
 [-2  5  2 -1  6 -4  1 -6 -5  4]
 [-1  6  1 -5 -2  3  5  2 -6 -3]
 [-6 -3  6  4  1 -2 -4 -1  3  2]
 [ 5 -4 -5  2 -3 -1 -2  3  4  1]]
        
initial Cost = 29481
        
initial Violations = 0       

        
Initial Parameters

maxR = 10
maxP = 100
maxC = 10
T = 400
theta = 1.04
beta = 0.9999
sigma = 1.04
w = 4000

        
        
Final Parameters

T = 1555.6636266675025
w = 5061.276073984001
bestT = 777.8318133337513

bestInfeasible = 23451.51145573977
bestFeasible = 25138

time = 47.72842741012573

        
        
Best Infeasible Solution ->

[[-5 -2  6  5 -6 -3 -4  2  3  4]
 [ 4  1 -3 -4  3  5  6 -1 -5 -6]
 [ 6  4  2 -6 -2  1  5 -4 -1 -5]
 [-2 -3 -5  2  5  6  1  3 -6 -1]
 [ 1  6  4 -1 -4 -2 -3 -6  2  3]
 [-3 -5 -1  3  1 -4 -2  5  4  2]]

Cost = 23492.679636369347
Violations = 2

        

Best Feasible Solution ->

[[ 4  2 -6 -4  6  3  5 -3 -2 -5]
 [ 6 -1 -5 -6  5  4 -3 -4  1  3]
 [-5  6  4  5 -4 -1  2  1 -6 -2]
 [-1 -5 -3  1  3 -2 -6  2  5  6]
 [ 3  4  2 -3 -2  6 -1 -6 -4  1]
 [-2 -3  1  2 -1 -5  4  5  3 -4]]

Cost = 25138
Violations = 0

        