Summary
Hardcoded Solution = True
n = 6
Distance Map = 
[[   0  745  665  929  605  521]
 [ 745    0   80  337 1090  315]
 [ 665   80    0  380 1020  257]
 [ 929  337  380    0 1380  408]
 [ 605 1090 1020 1380    0 1010]
 [ 521  315  257  408 1010    0]]

initial Solution = 
[[-6 -2 -4  3 -5  6 -3  5  2  4]
 [-5  1 -3 -6  4  5  6 -4 -1  3]
 [ 4  5  2 -1  6 -4  1 -6 -5 -2]
 [-3  6  1 -5 -2  3  5  2 -6 -1]
 [ 2 -3  6  4  1 -2 -4 -1  3 -6]
 [ 1 -4 -5  2 -3 -1 -2  3  4  5]]
        
initial Cost = 31238
        
initial Violations = 0       

        
Initial Parameters

maxR = 10
maxP = 100
maxC = 100
T = 400
theta = 1.04
beta = 0.9999
sigma = 1.04
w = 4000

        
        
Final Parameters

T = 1577.9127575938444
w = 6157.816225260313
bestT = 788.9563787969222

bestInfeasible = 22980.813361811026
bestFeasible = 24075

time = 358.32093334198

        
        
Best Infeasible Solution ->

[[-5 -4  3  5 -3 -2 -6  4  2  6]
 [ 3  6  4 -3 -4  1  5 -6 -1 -5]
 [-2 -5 -1  2  1  6 -4  5 -6  4]
 [ 6  1 -2 -6  2  5  3 -1 -5 -3]
 [ 1  3  6 -1 -6 -4 -2 -3  4  2]
 [-4 -2 -5  4  5 -3  1  2  3 -1]]

Cost = 22980.813361811026
Violations = 1

        

Best Feasible Solution ->

[[ 5  2  4 -3 -4 -6  3  6 -2 -5]
 [-3 -1 -5  6  5 -4 -6  4  1  3]
 [ 2 -4 -6  1  6  5 -1 -5  4 -2]
 [ 6  3 -1 -5  1  2  5 -2 -3 -6]
 [-1 -6  2  4 -2 -3 -4  3  6  1]
 [-4  5  3 -2 -3  1  2 -1 -5  4]]

Cost = 24075
Violations = 0

        