Summary
Hardcoded Solution = True
n = 6
Distance Map = 
[[   0  745  665  929  605  521]
 [ 745    0   80  337 1090  315]
 [ 665   80    0  380 1020  257]
 [ 929  337  380    0 1380  408]
 [ 605 1090 1020 1380    0 1010]
 [ 521  315  257  408 1010    0]]

initial Solution = 
[[-6 -2 -4 -3 -5  6  3  5  2  4]
 [-5  1 -3 -6  4  5  6 -4 -1  3]
 [ 4  5  2  1  6 -4 -1 -6 -5 -2]
 [-3  6  1 -5 -2  3  5  2 -6 -1]
 [ 2 -3  6  4  1 -2 -4 -1  3 -6]
 [ 1 -4 -5  2 -3 -1 -2  3  4  5]]
        
initial Cost = 30774.704896174087
        
initial Violations = 4       

        
Initial Parameters

maxR = 30
maxP = 10
maxC = 10
T = 400
theta = 1.04
beta = 0.9999
sigma = 1.04
w = 4000

        
        
Final Parameters

T = 1598.400719808034
w = 6157.816225260313
bestT = 799.200359904017

bestInfeasible = 24702.68722867398
bestFeasible = 26060

time = 10.322931051254272

        
        
Best Infeasible Solution ->

[[-5 -2 -4  2  5 -3 -6  4  3  6]
 [-3  1 -5 -1  3 -6 -4  5  6  4]
 [ 2 -4  6  4 -2  1  5 -6 -1 -5]
 [-6  3  1 -3  6  5  2 -1 -5 -2]
 [ 1  6  2 -6 -1 -4 -3 -2  4  3]
 [ 4 -5 -3  5 -4  2  1  3 -2 -1]]

Cost = 24690.40902395892
Violations = 1

        

Best Feasible Solution ->

[[-5 -3 -4  5  4  2 -6 -2  3  6]
 [-6 -5 -3  6  3 -1  4  1  5 -4]
 [ 4  1  2 -4 -2  6  5 -6 -1 -5]
 [-3 -6  1  3 -1 -5 -2  5  6  2]
 [ 1  2  6 -1 -6  4 -3 -4 -2  3]
 [ 2  4 -5 -2  5 -3  1  3 -4 -1]]

Cost = 26060
Violations = 0

        