Summary
Hardcoded Solution = False
n = 8
Distance Map = 
[[   0  745  665  929  605  521  370  587]
 [ 745    0   80  337 1090  315  567  712]
 [ 665   80    0  380 1020  257  501  664]
 [ 929  337  380    0 1380  408  622  646]
 [ 605 1090 1020 1380    0 1010  957 1190]
 [ 521  315  257  408 1010    0  253  410]
 [ 370  567  501  622  957  253    0  250]
 [ 587  712  664  646 1190  410  250    0]]

initial Solution = 
[[ 7 -6  2  8 -7  5 -2  6 -5 -3 -4  3  4 -8]
 [-5 -7 -1 -3 -8 -6  1  5  3 -4  6  7  8  4]
 [-8  4  6  2  5  7 -4  8 -2  1 -5 -1 -6 -7]
 [ 6 -3 -5  7 -6 -8  3 -7  8  2  1  5 -1 -2]
 [ 2  8  4 -6 -3 -1 -8 -2  1 -7  3 -4  7  6]
 [-4  1 -3  5  4  2 -7 -1  7 -8 -2  8  3 -5]
 [-1  2  8 -4  1 -3  6  4 -6  5 -8 -2 -5  3]
 [ 3 -5 -7 -1  2  4  5 -3 -4  6  7 -6 -2  1]]
        
initial Cost = 54854.25476
        
initial Violations = 6       

        
Initial Parameters

maxR = 10
maxP = 10
maxC = 10
T = 400
theta = 1.04
beta = 0.9999
sigma = 1.04
w = 4000

        
        
Final Parameters

T = 799.520119984
w = 7203.77402203
bestT = 399.760059992

bestInfeasible = 45271.0492159
bestFeasible = 48460

time = 10.8387629986

        
        
Best Infeasible Solution ->

[[ 7 -5  4  5  8 -7 -2 -4  3  6  2 -8 -6 -3]
 [ 6  8 -7 -8 -6  4  1 -3  7 -5 -1 -4  3  5]
 [-5 -7 -8  6  7 -6  4  2 -1  8 -4  5 -2  1]
 [ 8 -6 -1 -7 -5 -2 -3  1  6  7  3  2  5 -8]
 [ 3  1  6 -1  4  8 -6 -7 -8  2  7 -3 -4 -2]
 [-2  4 -5 -3  2  3  5 -8 -4 -1  8 -7  1  7]
 [-1  3  2  4 -3  1  8  5 -2 -4 -5  6 -8 -6]
 [-4 -2  3  2 -1 -5 -7  6  5 -3 -6  1  7  4]]

Cost = 45314.2693217
Violations = 2

        

Best Feasible Solution ->

[[ 6 -5  2  5  7 -3 -8 -2  8  4  3 -4 -6 -7]
 [ 4 -6 -1  8 -5 -8 -3  1  7  6 -4 -7  5  3]
 [-5 -7 -8  7 -6  1  2 -4  6  8 -1  5  4 -2]
 [-2 -8  7  6  8 -7 -6  3 -5 -1  2  1 -3  5]
 [ 3  1  6 -1  2 -6 -7 -8  4  7  8 -3 -2 -4]
 [-1  2 -5 -4  3  5  4 -7 -3 -2  7 -8  1  8]
 [-8  3 -4 -3 -1  4  5  6 -2 -5 -6  2  8  1]
 [ 7  4  3 -2 -4  2  1  5 -1 -3 -5  6 -7 -6]]

Cost = 48460
Violations = 0

        