Summary
Hardcoded Solution = False
n = 8
Distance Map = 
[[   0  745  665  929  605  521  370  587]
 [ 745    0   80  337 1090  315  567  712]
 [ 665   80    0  380 1020  257  501  664]
 [ 929  337  380    0 1380  408  622  646]
 [ 605 1090 1020 1380    0 1010  957 1190]
 [ 521  315  257  408 1010    0  253  410]
 [ 370  567  501  622  957  253    0  250]
 [ 587  712  664  646 1190  410  250    0]]

initial Solution = 
[[ 2 -6  5 -3 -2  4  7 -5  3 -7 -4 -8  6  8]
 [-1  4  6 -8  1 -6  8 -7 -4  5 -3 -5  7  3]
 [ 8  7 -4  1 -8 -7  5  4 -1  6  2 -6 -5 -2]
 [-7 -2  3  6  5 -1 -6 -3  2 -8  1  7  8 -5]
 [ 6 -8 -1 -7 -4  8 -3  1 -6 -2  7  2  3  4]
 [-5  1 -2 -4  7  2  4  8  5 -3 -8  3 -1 -7]
 [ 4 -3 -8  5 -6  3 -1  2  8  1 -5 -4 -2  6]
 [-3  5  7  2  3 -5 -2 -6 -7  4  6  1 -4 -1]]
        
initial Cost = 54855.8366362
        
initial Violations = 5       

        
Initial Parameters

maxR = 10
maxP = 100
maxC = 10
T = 400
theta = 1.04
beta = 0.9999
sigma = 1.04
w = 4000

        
        
Final Parameters

T = 794.022146077
w = 11994.8132767
bestT = 397.011073039

bestInfeasible = 43535.0888587
bestFeasible = 45232

time = 127.922796965

        
        
Best Infeasible Solution ->

[[-5  2 -8  5 -7 -6  3  6  7 -4 -3 -2  4  8]
 [-7 -1 -5  6  4 -3  7  8  5 -8 -4  1  3 -6]
 [-4 -6 -7  4  6  2 -1 -5  8  5  1 -8 -2  7]
 [ 3  8  6 -3 -2  5 -8 -7 -6  1  2  7 -1 -5]
 [ 1  7  2 -1 -8 -4  6  3 -2 -3 -7 -6  8  4]
 [ 8  3 -4 -2 -3  1 -5 -1  4 -7 -8  5  7  2]
 [ 2 -5  3  8  1 -8 -2  4 -1  6  5 -4 -6 -3]
 [-6 -4  1 -7  5  7  4 -2 -3  2  6  3 -5 -1]]

Cost = 43546.8254703
Violations = 1

        

Best Feasible Solution ->

[[ 7  3  4 -7 -6  2 -5 -8  6  8 -3 -2 -4  5]
 [-6 -7 -5  8  4 -1 -8  3  7 -3  6  1  5 -4]
 [-5 -1 -6  5  8  7 -4 -2  4  2  1 -7 -8  6]
 [-8 -5 -1  6 -2  8  3  7 -3 -6 -7  5  1  2]
 [ 3  4  2 -3 -7 -6  1  6 -8  7  8 -4 -2 -1]
 [ 2 -8  3 -4  1  5 -7 -5 -1  4 -2  8  7 -3]
 [-1  2 -8  1  5 -3  6 -4 -2 -5  4  3 -6  8]
 [ 4  6  7 -2 -3 -4  2  1  5 -1 -5 -6  3 -7]]

Cost = 45232
Violations = 0

        