Summary
Hardcoded Solution = False
n = 8
Distance Map = 
[[   0  745  665  929  605  521  370  587]
 [ 745    0   80  337 1090  315  567  712]
 [ 665   80    0  380 1020  257  501  664]
 [ 929  337  380    0 1380  408  622  646]
 [ 605 1090 1020 1380    0 1010  957 1190]
 [ 521  315  257  408 1010    0  253  410]
 [ 370  567  501  622  957  253    0  250]
 [ 587  712  664  646 1190  410  250    0]]

initial Solution = 
[[ 6  8 -6 -3 -8 -5 -4 -2  3  2  4  7  5 -7]
 [-4  3 -7 -5 -6 -8 -3  1  6 -1  5  4  7  8]
 [ 8 -2  4  1  7  6  2 -4 -1  5 -7 -8 -6 -5]
 [ 2  5 -3 -8 -5  7  1  3 -7  6 -1 -2  8 -6]
 [-7 -4  8  2  4  1  6  7 -8 -3 -2 -6 -1  3]
 [-1 -7  1  7  2 -3 -5  8 -2 -4 -8  5  3  4]
 [ 5  6  2 -6 -3 -4  8 -5  4 -8  3 -1 -2  1]
 [-3 -1 -5  4  1  2 -7 -6  5  7  6  3 -4 -2]]
        
initial Cost = 52376.1428565
        
initial Violations = 9       

        
Initial Parameters

maxR = 10
maxP = 10
maxC = 100
T = 400
theta = 1.04
beta = 0.9999
sigma = 1.04
w = 4000

        
        
Final Parameters

T = 799.040527824
w = 7791.60198223
bestT = 399.520263912

bestInfeasible = 43064.4056544
bestFeasible = 45825

time = 125.437573195

        
        
Best Infeasible Solution ->

[[ 8  4 -3 -8  7 -4 -6 -2  6 -7  5  3  2 -5]
 [ 3  6  7 -4 -6  5 -8  1 -3  4  8 -5 -1 -7]
 [-2  7  1 -7 -8  6  5 -4  2  8 -6 -1 -5  4]
 [-6 -1 -5  2  5  1 -7  3  8 -2  7  6 -8 -3]
 [ 7  8  4 -6 -4 -2 -3 -8 -7  6 -1  2  3  1]
 [ 4 -2  8  5  2 -3  1  7 -1 -5  3 -4 -7 -8]
 [-5 -3 -2  3 -1  8  4 -6  5  1 -4 -8  6  2]
 [-1 -5 -6  1  3 -7  2  5 -4 -3 -2  7  4  6]]

Cost = 43069.4124924
Violations = 1

        

Best Feasible Solution ->

[[ 5 -6 -7 -4  3 -2 -3  6  8  4 -8 -5  2  7]
 [ 3  5 -3  6  4  1 -6 -4  7 -8 -7  8 -1 -5]
 [-2  4  2 -5 -1 -8  1  7 -6 -7  5 -4  8  6]
 [ 7 -3  5  1 -2 -7 -8  2 -5 -1 -6  3  6  8]
 [-1 -2 -4  3 -8 -6 -7  8  4  6 -3  1  7  2]
 [-8  1  8 -2  7  5  2 -1  3 -5  4 -7 -4 -3]
 [-4 -8  1  8 -6  4  5 -3 -2  3  2  6 -5 -1]
 [ 6  7 -6 -7  5  3  4 -5 -1  2  1 -2 -3 -4]]

Cost = 45825
Violations = 0

        