Summary
Hardcoded Solution = False
n = 8
Distance Map = 
[[   0  745  665  929  605  521  370  587]
 [ 745    0   80  337 1090  315  567  712]
 [ 665   80    0  380 1020  257  501  664]
 [ 929  337  380    0 1380  408  622  646]
 [ 605 1090 1020 1380    0 1010  957 1190]
 [ 521  315  257  408 1010    0  253  410]
 [ 370  567  501  622  957  253    0  250]
 [ 587  712  664  646 1190  410  250    0]]

initial Solution = 
[[ 4  7  3  6 -8  5  2  8 -2 -7 -4 -5 -3 -6]
 [-8 -3 -6  5  6 -7 -1  4  1 -4  8  7 -5  3]
 [ 6  2 -1  4  5 -6 -8  7  8 -5 -7 -4  1 -2]
 [-1 -6  8 -3  7 -8  5 -2 -5  2  1  3  6 -7]
 [ 7  8 -7 -2 -3 -1 -4  6  4  3 -6  1  2 -8]
 [-3  4  2 -1 -2  3  7 -5 -7 -8  5  8 -4  1]
 [-5 -1  5  8 -4  2 -6 -3  6  1  3 -2 -8  4]
 [ 2 -5 -4 -7  1  4  3 -1 -3  6 -2 -6  7  5]]
        
initial Cost = 54401.9280582
        
initial Violations = 4       

        
Initial Parameters

maxR = 10
maxP = 100
maxC = 100
T = 400
theta = 1.04
beta = 0.9999
sigma = 1.04
w = 4000

        
        
Final Parameters

T = 794.339834354
w = 9858.86217266
bestT = 397.169917177

bestInfeasible = 42071.9971848
bestFeasible = 43888

time = 1165.49754691

        
        
Best Infeasible Solution ->

[[ 6  4  5 -7 -8 -6  2  3 -4 -2 -3  8  7 -5]
 [-3  7 -6 -5  4  8 -1 -7 -8  1  5 -4  6  3]
 [ 2  8  7 -8 -5  4 -6 -1 -7  5  1  6 -4 -2]
 [-5 -1  8 -6 -2 -3  7  5  1 -7 -8  2  3  6]
 [ 4  6 -1  2  3 -7 -8 -4 -6 -3 -2  7  8  1]
 [-1 -5  2  4 -7  1  3 -8  5  8  7 -3 -2 -4]
 [-8 -2 -3  1  6  5 -4  2  3  4 -6 -5 -1  8]
 [ 7 -3 -4  3  1 -2  5  6  2 -6  4 -1 -5 -7]]

Cost = 41942.2441335
Violations = 1

        

Best Feasible Solution ->

[[ 5  4  2 -4 -2 -3  8 -5 -6 -8  6 -7  3  7]
 [-3  6 -1  5  1  7 -5  3 -8 -7  4  8 -6 -4]
 [ 2 -7 -8 -6  7  1  6 -2  5  4  8 -4 -1 -5]
 [ 6 -1 -5  1  5 -6 -7 -8  7 -3 -2  3  8  2]
 [-1 -8  4 -2 -4  8  2  1 -3 -6 -7  6  7  3]
 [-4 -2 -7  3  8  4 -3  7  1  5 -1 -5  2 -8]
 [ 8  3  6 -8 -3 -2  4 -6 -4  2  5  1 -5 -1]
 [-7  5  3  7 -6 -5 -1  4  2  1 -3 -2 -4  6]]

Cost = 43888
Violations = 0

        